function y = f(x)
%y = (10*x^3+3*x^2+x+5)^2;
%y = x^2+2*x;
%y=(x-2)^4+2*(x-3)^2 +3;
%y =0.45*1000+0.245*1000*x^1.5+325*hp(x)^(1/2)+61.6*hp(x)^(0.925)+102 ; %over[0.25,6]
%y = 3*x^4+(x-1)^2; %over [0,3]
y = 2*(x-3)^2+exp(0.5*x^2);% over [0,2.75]
end
