function y=hp(x)
y = 4.4*10^(-8)*1000*20^(3)/x^(5)+1.92*10^(-9)*1000*20^(2.68)/x^(4.68);
end
